0.0126662 7.74603e-06
6.49968
5.38714
4.6346
4.29206
3.11952
2.77698
2.11444
1.9719
1.56937
1
1
1
1
1
1
1
1
1
1
1
1
1
1
1
1
1
1
1
1
1
1
1
1
1
1
1
1
1
1
1
1
1
1
1.07952
1.11206
1.1246
1.22714
1.19968
1.15222
1.21476
1.2073
1.13984
1.12238
1.05492
1.04746
1
1
1
1.00762
1
1
1
1
1
1
1
1
1
1
1
1
1
1
1
1
1
1
1
1
1
1
1
1
1
1
1
1
1
1
1
1
1
1
1
1
1
1
1
1
1
1
1
1
1
1
1
1
1
1
1
1
1
1
1
1
1
1
1
1
1
1
1
1
1
1
1
1
1
1
1
1
1
1
1
1
1
1
1
1
1
1
1
1
1
1
1
1
1.03635
1
1.01127
1.04873
1.08619
1.15365
1.07111
1
1
1
1
1
1
1
1
1
1
1
1
1
1
1
1
1
1
1
1
1
1
1
1
1
1
1.01254
1
1
1
1
1
1
1
1
1
1
1
1
1
1
1
1
1.30063
2.01317
2.76571
