0.0143467 7.90323e-06
3.70613
2.33516
1.04419
1.04323
1
1
1
1
1
1
1
1
1
1
1
1
1
1
1
1
1
1
1
1
1.0471
1
1.03903
1
1
1
1.0029
1.04387
1.00484
1
1
1
1
1
1
1
1
1
1
1
1
1
1
1
1
1
1
1
1
1
1
1
1
1
1
1
1
1
1
1
1
1
1
1
1
1
1
1
1
1
1
1
1
1
1
1
1
1
1
1
1
1
1
1
1
1
1
1
1
1
1
1
1
1
1
1
1
1
1
1
1
1
1
1
1
1
1
1
1
1
1
1
1
1
1
1
1
1
1
1
1
1
1
1
1
1
1
1
1
1
1
1
1
1
1
1
1
1
1
1
1
1
1
1
1.0229
1
1
1
1
1
1
1
1
1
1
1
1
1.03032
1.00935
1
1
1
1
1
1
1
1
1
1
1
1
1
1
1
1
1
1
1
1
1
1
1
1
1
1
1
1
1
1
1
1
1
1
1
1.15548
1.37645
