0.91898810
0.91904770
0.91904770
0.91916700
0.91922660
0.91922660
0.91922660
0.91922660
0.91922660
0.91928620
0.91928620
0.91928620
0.91928620
0.91928620
0.91934580
0.91934580
0.91934580
0.91934580
0.91934580
0.91934580
0.91934580
0.91934580
0.91934580
0.91934580
0.91934580
0.91940540
0.91940540
0.91940540
0.91940540
0.91946500
0.91946500
0.91946500
0.91946500
0.91946500
0.91946500
0.91946500
0.91946500
0.91952460
0.91952460
0.91952460
0.91952460
0.91952460
0.91952460
0.91952460
0.91952460
0.91952460
0.91952460
0.91952460
0.91952460
0.91952460
0.91952460
0.91952460
0.91952460
0.91958420
0.91958420
0.91958420
0.91958420
0.91958420
0.91958420
0.91958420
0.91958420
0.91958420
0.91958420
0.91958420
0.91958420
0.91958420
0.91958420
0.91958420
0.91958420
0.91964380
0.91964380
0.91964380
0.91964380
0.91964380
0.91964380
0.91964380
0.91964380
0.91964380
0.91964380
0.91964380
0.91964380
0.91964380
0.91964380
0.91964380
0.91970340
0.91970340
0.91970340
0.91970340
0.91970340
0.91970340
0.91970340
0.91970340
0.91970340
0.91970340
0.91970340
0.91970340
0.91970340
0.91970340
0.91970340
0.91970340
0.91970340
0.91970340
0.91970340
0.91970340
0.91976300
0.91976300
0.91976300
0.91976300
0.91976300
0.91976300
0.91976300
0.91976300
0.91976300
0.91976300
0.91976300
0.91982260
0.91982260
0.91982260
0.91982260
0.91982260
0.91982260
0.91982260
0.91988220
0.91988220
0.91988220
0.91988220
0.91988220
0.91988220
0.91988220
0.91988220
0.91988220
0.91988220
0.91994180
0.91994180
0.91994180
0.91994180
0.91994180
0.91994180
0.91994180
0.91994180
0.91994180
0.92000140
0.92000140
0.92000140
0.92000140
0.92000140
0.92006100
0.92006100
0.92006100
0.92006100
0.92006100
0.92006100
0.92006100
0.92012060
0.92012060
0.92012060
0.92012060
0.92012060
0.92012060
0.92012060
0.92012060
0.92012060
0.92012060
0.92012060
0.92018020
0.92018020
0.92018020
0.92018020
0.92018020
0.92018020
0.92023980
0.92023980
0.92023980
0.92023980
0.92023980
0.92023980
0.92023980
0.92023980
0.92029940
0.92029940
0.92035900
0.92035900
0.92035900
0.92035900
0.92035900
0.92035900
0.92035900
0.92035900
0.92035900
0.92041860
0.92041860
0.92041860
0.92041860
0.92041860
0.92047830
0.92047830
0.92047830
0.92047830
0.92053790
0.92053790
