2.32365;
1.78462;
1.84159;
0.70556;
0.16653;
0.22350;
0.28047;
0.33744;
0.39441;
0.14462;
0.08765;
0.03068;
0.02629;
0.08326;
0.45576;
0.39879;
0.34182;
0.28485;
0.22788;
0.17091;
0.11394;
0.05697;
0.00000;
0.05697;
0.11394;
0.42509;
0.36812;
0.31115;
0.25418;
0.79321;
0.73624;
0.67926;
0.62229;
0.56532;
0.50835;
0.45138;
0.39441;
0.93344;
0.87647;
0.81950;
0.76253;
0.70556;
0.64859;
0.59162;
0.53465;
0.47768;
0.42071;
0.36374;
0.30676;
0.24979;
0.19282;
0.13585;
0.07888;
0.61791;
0.56094;
0.50397;
0.44700;
0.39003;
0.33306;
0.27609;
0.21912;
0.16215;
0.10518;
0.04821;
0.00876;
0.06574;
0.12271;
0.17968;
0.23665;
0.30238;
0.24541;
0.18844;
0.13147;
0.07450;
0.01753;
0.03944;
0.09641;
0.15338;
0.21035;
0.26732;
0.32429;
0.38126;
0.43824;
0.49521;
0.04382;
0.01315;
0.07012;
0.12709;
0.18406;
0.24103;
0.29800;
0.35497;
0.41194;
0.46891;
0.52588;
0.58285;
0.63982;
0.69679;
0.75376;
0.81074;
0.86771;
0.92468;
0.98165;
1.03862;
0.49959;
0.55656;
0.61353;
0.67050;
0.72747;
0.78444;
0.84141;
0.89838;
0.95535;
1.01232;
1.06929;
0.53026;
0.58724;
0.64421;
0.70118;
0.75815;
0.81512;
0.87209;
0.33306;
0.39003;
0.44700;
0.50397;
0.56094;
0.61791;
0.67488;
0.73185;
0.78882;
0.84579;
0.30676;
0.36374;
0.42071;
0.47768;
0.53465;
0.59162;
0.64859;
0.70556;
0.76253;
0.22350;
0.28047;
0.33744;
0.39441;
0.45138;
0.08765;
0.03068;
0.02629;
0.08326;
0.14024;
0.19721;
0.25418;
0.28485;
0.22788;
0.17091;
0.11394;
0.05697;
0.00000;
0.05697;
0.11394;
0.17091;
0.22788;
0.28485;
0.25418;
0.19721;
0.14024;
0.08326;
0.02629;
0.03068;
0.50835;
0.45138;
0.39441;
0.33744;
0.28047;
0.22350;
0.16653;
0.10956;
0.64859;
0.59162;
1.13065;
1.07368;
1.01671;
0.95974;
0.90276;
0.84579;
0.78882;
0.73185;
0.67488;
1.21391;
1.15694;
1.09997;
1.04300;
0.98603;
1.52606;
1.46909;
1.41212;
1.35515;
1.89418;
1.83721;
